3.00 5.00 0.00 1.00 4.00 5.00 5.00 1.00 2.00 4.00 0.00 0.00 1.00 4.00 1.00 3.00 2.00 4.00 1.00 1.00 5.00 1.77 5.00 2.00 0.00 
4.00 5.00 1.00 3.00 4.00 2.00 0.00 1.00 4.00 3.35 0.00 2.00 0.90 2.00 0.00 1.00 4.00 5.00 3.00 2.13 1.00 0.00 5.00 2.22 0.00 
2.00 5.00 1.00 1.00 1.00 3.00 2.00 4.00 5.00 3.00 4.00 1.00 1.00 3.00 1.61 1.00 5.00 4.48 5.00 5.00 4.00 1.00 1.00 5.00 5.00 
3.00 5.00 1.00 4.00 1.00 2.00 3.00 2.14 5.00 5.00 2.00 5.00 1.00 5.00 3.00 2.00 3.00 3.00 1.00 3.00 1.00 5.00 5.00 3.22 3.00 
5.00 1.00 0.00 3.00 0.00 0.00 5.00 0.00 4.00 2.00 3.00 1.00 5.00 4.00 5.00 4.00 2.00 5.00 3.00 3.00 4.49 3.00 3.00 5.00 0.00 
2.00 4.00 3.00 3.00 0.00 0.00 0.00 2.00 0.00 5.00 2.00 0.00 4.00 2.00 1.00 5.00 3.00 4.00 3.00 1.00 3.00 2.00 5.00 0.00 2.00 
1.00 5.00 1.00 5.00 1.00 5.00 1.00 1.56 5.00 5.00 0.00 2.00 1.00 1.00 1.44 5.00 0.00 3.00 1.00 3.00 2.15 2.00 5.00 2.00 3.00 
4.00 1.00 1.00 3.00 1.57 2.00 1.00 1.00 5.00 2.00 0.00 1.00 1.00 5.00 0.00 0.00 4.00 5.00 2.00 3.00 0.00 1.24 1.00 3.00 5.00 
1.00 5.00 0.00 1.00 1.00 0.00 3.00 2.00 0.00 5.00 2.00 1.00 2.00 3.23 3.00 3.00 5.00 1.00 2.00 1.31 5.00 3.00 5.00 3.00 1.00 
1.00 0.00 2.00 5.00 1.00 5.00 1.00 2.00 2.00 2.00 2.00 3.00 4.00 5.00 2.00 5.00 3.00 3.00 3.00 0.00 3.00 3.00 4.00 4.00 2.00 
